30.72914473777277
63.502450108411665
-80.20204679510677
-6.481503039458133
96.66117796537915
77.40953865724777
-87.86221779686835
-77.59838145756812
-69.93973176743727
-1.4305409910040794
73.47426433586071
49.3049280391908
-66.41423134147573
-56.791050063915385
-58.93901944039024
-85.68101153734628
20.29263014187255
26.738938296401045
-55.16959199836593
60.48731206884261
8.402074383610156
-34.89418079778201
46.020747440761085
-88.2187434580753
61.90376993985075
17.06240160500296
-73.23575450376376
-36.54236745637049
31.048302655412016
-65.83847475672333
-39.42526523235732
68.88712125816039
87.60916427504552
71.40813593653738
-62.38250989458347
21.199491354851574
46.86366113048544
3.8884078263455137
18.839743463369913
48.599338841445984
21.562533474954293
93.32735912875606
49.485522008223455
68.96395457359355
-37.271598899113535
53.40914345646189
-24.78611970309659
-17.657324440605393
7.94337954886835
73.82710981749065
72.98471783147994
-80.76505200895355
-20.143346559702977
80.41345933268036
34.071902558218994
8.032065848921889
55.962969425638704
32.33113885618033
18.00857807045216
76.76547082179604
-34.72660818888255
-12.806493007645443
33.9649194117402
-37.68782496322933
58.32004049292655
1.1100212380285512
0.003858848023028827
-35.53416586447797
44.00667093151526
-26.960946033430005
-19.144261270739975
52.78964362221609
90.13745260537772
91.46177685635496
11.297950992526879
-89.07477628519176
-55.97350591749834
-3.726186552738511
-25.078848071131233
-13.960730021186848
-54.58896170369027
-70.07578234180787
27.008821685032558
0.34779837485649523
75.96149490692753
19.2141313837094
25.452295119386875
77.16534437362407
-81.99807248558434
2.800278234253753
-34.93130241876135
-64.31540486940236
-20.375297256148087
-0.6687190265092653
98.38448189483202
-83.30056264561271
84.20357924856344
97.27759955438881
69.89276144540048
-84.25750453963997
